13 0.228515625 0.0986328125 0.078125 0.103515625
11 0.1279296875 0.09716796875 0.15625 0.1494140625
3 0.38623046875 0.14208984375 0.0849609375 0.0849609375
0 0.55908203125 0.158203125 0.1005859375 0.087890625
20 0.71484375 0.16064453125 0.09765625 0.0947265625
16 0.841796875 0.2158203125 0.10546875 0.111328125
11 0.0537109375 0.19091796875 0.107421875 0.2001953125
18 0.15185546875 0.25537109375 0.0927734375 0.0986328125
14 0.28955078125 0.2626953125 0.2060546875 0.109375
9 0.58740234375 0.2529296875 0.2705078125 0.1484375
12 0.4931640625 0.3046875 0.109375 0.134765625
21 0.64208984375 0.3427734375 0.0888671875 0.064453125
4 0.8095703125 0.33154296875 0.142578125 0.1025390625
16 0.13671875 0.37890625 0.109375 0.099609375
8 0.33056640625 0.38330078125 0.1787109375 0.1181640625
0 0.9423828125 0.42822265625 0.056640625 0.0869140625
17 0.6025390625 0.4326171875 0.060546875 0.12109375
6 0.7333984375 0.44091796875 0.1171875 0.1298828125
18 0.4638671875 0.47998046875 0.07421875 0.1181640625
10 0.05078125 0.5205078125 0.1015625 0.10546875
1 0.16259765625 0.51708984375 0.2080078125 0.1728515625
10 0.701171875 0.5625 0.09765625 0.12890625
14 0.8466796875 0.572265625 0.1171875 0.12109375
9 0.32421875 0.5615234375 0.123046875 0.21484375
1 0.52001953125 0.61474609375 0.2099609375 0.1396484375
6 0.9267578125 0.6416015625 0.125 0.107421875
18 0.2451171875 0.65478515625 0.11328125 0.0810546875
16 0.02978515625 0.65234375 0.0595703125 0.103515625
19 0.6650390625 0.72412109375 0.080078125 0.0986328125
12 0.11279296875 0.7275390625 0.1123046875 0.119140625
16 0.32763671875 0.75390625 0.1083984375 0.0703125
13 0.7802734375 0.74658203125 0.109375 0.1044921875
19 0.91015625 0.7783203125 0.08984375 0.1171875
2 0.24658203125 0.83154296875 0.0888671875 0.0595703125
16 0.59375 0.8125 0.083984375 0.1015625
2 0.45556640625 0.82568359375 0.0537109375 0.0908203125
18 0.080078125 0.83984375 0.07421875 0.078125
21 0.701171875 0.86376953125 0.111328125 0.0673828125
3 0.921875 0.91748046875 0.09375 0.0712890625
11 0.349609375 0.9140625 0.0859375 0.171875
6 0.091796875 0.9404296875 0.12109375 0.119140625
